blue_chair, 10000 samples:
Rho = [ 58.27210603,  97.29630208,  -0.2823494 ,   0.16999273]
Omega = [ 38.87439982,  38.62525062,  -0.11516945]

blue_chair, 20000 samples:
Rho = [ 41.25127037,  98.30326417,  -0.28103868,   0.18814031]
Omega = [ 39.72945311,  39.81923702,  -0.12936845]

blue_chair, 20000 samples, clean data:
Rho = [ 69.41451775,  93.99466481,  -0.44036373,   0.29626516]
Omega = [ 36.44746592,  36.61569852,   0.42108361]

blue_chair, 50000 samples, clean data, model 2:
Rho_blue_chair_2 = [ 181.81275796,  157.91114061,   -0.91095963,    0.65619819]
Omega_blue_chair_2 = [ 10.29493421,  27.4847522 ,  24.01881465,   1.82628059,     2.46654727,   0.46269262,  -2.60026588]




gray_chair, 20000 samples:
Rho = [  5.88237610e+01,   9.57020787e+01,   1.68359471e-02,   8.83276379e-02]
Omega = [  2.62824400e+01,   2.62244461e+01,  -1.24254585e-02]

gray_chair, 20000 samples, clean data:
Rho = [  5.62262560e+01,   9.57808995e+01,   4.67599531e-03,   1.01776055e-01]
Omega = [ 26.10664505,  26.51150275,  -0.06742238]

gray_chair, 100000 samples, clean data:
Rho = [  6.29082319e+01,   1.69790119e+02,   7.18271637e-02,   9.71824506e-02]
Omega = [ 27.39445965,  27.32128562,  -0.08073383]

gray_chair, 50000 samples, clean data, model 2:
Rho_gray_chair_2 = [ 138.41454103,  167.35524659,   -0.60981765,   -0.19581444]
Omega_gray_chair_2 = [  2.65727732e+01,   1.96523171e+01,   2.52874559e+01,   2.14380029e+01,   5.75052356e-02,   3.01197473e-01,  -2.89359969e-03]




walker, 20000 samples, clean data:
mu_Rho_walker = [  1.18129219e+02, 7.23564360e+01, 9.11049246e-02, 7.23271543e-02] #8.31562175e+01,   7.46498361e+01,   9.11737583e-02,   7.34392901e-02]
mu_Omega_walker = [7.71361628e+01, 7.67173557e+01, 2.12292195e-02] #[ 46.14655612,  45.3535728 ,  -1.4426394]
std_Rho_walker = [ 5.20518267e+01, 1.41632722e+01, 3.91568512e-02, 4.78442496e-02]
std_Omega_walker = [ 16.07199159, 16.17982517,  1.85912597]

walker, 50000 samples, clean data, model 2:
Rho_walker_2 = [ 130.36407651,   250.37032702,    0.62370979,    0.49066161]
Omega_walker_2 = [  1.34559205e+00,   6.35589823e+01,   4.15842935e+01,   3.64209927e+01,   3.56998798e-02,  -2.13576757e-01,   2.69359326e-01]




cart, 20000 samples, clean data:
Rho = [  86.58925901,  183.18027128,    0.53349051,    0.38911036]
Omega = [  2.59474801e+01,   2.64456098e+01,  -1.93996588e-02]

cart, 50000 samples, clean data, model 2:
Rho_cart_2 = [ 177.13793947,  172.76702281,    0.81227457,    0.6449838 ]
Omega_cart_2 = [ 15.26349935,  17.1323213 ,  31.64002716,  11.44320843,   -0.42572011,   0.67113536,   0.2065445 ]



